camera_matrix:
- - 448.390075986641
  - 0.0
  - 335.74722142749215
- - 0.0
  - 451.8224491792454
  - 295.08194483737987
- - 0.0
  - 0.0
  - 1.0
dist_coeff:
- - 0.025572957870539273
  - -0.23478512959189102
  - -0.011451051736933324
  - -0.0035792230689185773
  - 0.13427760683580944
