camera_matrix:
- - 528.7330888085351
  - 0.0
  - 319.50001933929997
- - 0.0
  - 518.7003414629008
  - 312.56998296121407
- - 0.0
  - 0.0
  - 1.0
dist_coeff:
- - -0.04123682946903216
  - -0.6736005763445846
  - -0.02783512483980126
  - 0.0013554749233158074
  - 1.0396581942719851
